Local maximum: 32767
32767
5354639
32730
912
32767
755
5490520
1700966438
32730
1442887
32730
26577600
494
834
1700966438
982
5491392
32730
32767
32767
5490480
32730
5490480
32730

Local minimum: -853851280
-853638552
0
0
-853638744
-8
-853851280
0
0
0
-2147483648
0
0
0
-853851328
0
-853638784
0
0
-853851336
-853851488
0
0
0
-853851504

Average (sum): -34151345
-48708721
215826
1397
-34145462
1424
-68299532
222322
68252453
1382
-85841516
1429
1063195
52
-34153987
68040048
-34145418
221004
1434
-34152655
-34152641
435173
2714
219701
-68306712

Max of A 982
Min of A 3
Average (sum) of A 522
